100 1013,1026
110 1013,1026
111 1013,1026
112 1013,1026
113 1013,1026
114 1013,1026
115 1013,1026
116 1013,1026
117 1013,1026
118 1013,1026
119 1013,1026
120 1017,1030
121 1017,1030
122 1017,1030
123 1017,1030
130 1019,1032
131 1019,1032
132 1019,1032
133 1019,1032
140 1019,1032
150 1013,1026
151 1013,1026
152 1013,1026
160 1013,1026
161 1013,1026
162 1013,1026
163 1013,1026
164 1013,1026
165 1013,1026
180 1013,1026
181 1013,1026
182 1013,1026
183 1013,1026
185 1013,1026
190 1013,1026
191 1013,1026
192 1013,1026
193 1013,1026
194 1013,1026
200 1009,1022
210 1009,1022
211 1009,1022
212 1009,1022
213 1009,1022
214 1009,1022
230 1009,1022
231 1009,1022
232 1009,1022
233 1009,1022
234 1009,1022
240 1009,1022
250 1009,1022
260 1009,1022
270 1009,1022
280 1011,1024
281 1011,1024
282 1011,1024
283 1011,1024
284 1011,1024
285 1011,1024
286 1011,1024
287 1011,1024
288 1011,1024
289 1011,1024
290 1009,1022
291 1009,1022
292 1009,1022
293 1009,1022
295 1009,1022
296 1009,1022
297 1009,1022
299 1009,1022
300 1016,1029
310 1016,1029
311 1016,1029
312 1016,1029
313 1016,1029
314 1016,1029
315 1016,1029
316 1016,1029
317 1016,1029
318 1016,1029
319 1016,1029
320 1016,1029
321 1016,1029
322 1016,1029
323 1016,1029
324 1016,1029
325 1016,1029
326 1016,1029
327 1016,1029
328 1016,1029
329 1016,1029
330 1016,1029
331 1016,1029
332 1016,1029
333 1016,1029
334 1016,1029
335 1016,1029
336 1016,1029
337 1016,1029
338 1016,1029
339 1016,1029
340 1016,1029
341 1016,1029
342 1016,1029
343 1016,1029
344 1016,1029
345 1016,1029
346 1016,1029
347 1016,1029
348 1016,1029
349 1016,1029
9999 1016,1029
350 1016,1029
351 1016,1029
352 1016,1029
353 1016,1029
354 1016,1029
355 1016,1029
356 1016,1029
357 1016,1029
358 1016,1029
359 1016,1029
360 1016,1029
361 1016,1029
362 1016,1029
363 1016,1029
364 1016,1029
365 1016,1029
366 1016,1029
367 1016,1029
368 1016,1029
369 1016,1029
380 1016,1029
390 1016,1029
400 1015,1028
410 1015,1028
411 1015,1028
412 1015,1028
413 1015,1028
414 1015,1028
415 1015,1028
416 1015,1028
417 1015,1028
418 1015,1028
419 1015,1028
420 1015,1028
421 1015,1028
422 1015,1028
423 1015,1028
424 1015,1028
425 1015,1028
426 1015,1028
430 1015,1028
431 1015,1028
432 1015,1028
433 1015,1028
434 1015,1028
435 1015,1028
436 1015,1028
437 1015,1028
438 1015,1028
439 1015,1028
440 1015,1028
441 1015,1028
442 1015,1028
443 1015,1028
444 1015,1028
445 1015,1028
446 1015,1028
447 1015,1028
449 1015,1028
450 1015,1028
451 1015,1028
453 1015,1028
454 1015,1028
455 1015,1028
456 1015,1028
457 1015,1028
458 1015,1028
459 1015,1028
460 1015,1028
461 1015,1028
462 1015,1028
463 1015,1028
464 1015,1028
465 1015,1028
466 1015,1028
467 1015,1028
469 1015,1028
470 1015,1028
472 1015,1028
473 1015,1028
474 1015,1028
475 1015,1028
476 1015,1028
478 1015,1028
479 1015,1028
480 1015,1028
481 1015,1028
483 1015,1028
484 1015,1028
485 1015,1028
486 1015,1028
490 1015,1028
491 1015,1028
492 1015,1028
493 1015,1028
494 1015,1028
495 1015,1028
496 1015,1028
497 1015,1028
498 1015,1028
499 1015,1028
500 1014,1027
510 1014,1027
520 1018,1031
521 1018,1031
522 1018,1031
523 1018,1031
524 1018,1031
525 1018,1031
526 1018,1031
527 1018,1031
529 1018,1031
530 1018,1031
531 1018,1031
532 1018,1031
533 1018,1031
534 1018,1031
535 1018,1031
539 1018,1031
540 1018,1031
541 1018,1031
542 1018,1031
543 1018,1031
544 1018,1031
545 1018,1031
546 1018,1031
547 1018,1031
549 1018,1031
550 1010,1023
551 1010,1023
552 1010,1023
553 1010,1023
554 1010,1023
555 1010,1023
556 1010,1023
557 1010,1023
558 1010,1023
559 1010,1023
560 1018,1031
561 1018,1031
562 1018,1031
563 1018,1031
564 1018,1031
565 1018,1031
566 1018,1031
567 1018,1031
568 1018,1031
569 1018,1031
570 1018,1031
571 1018,1031
572 1018,1031
573 1018,1031
574 1018,1031
575 1018,1031
576 1018,1031
577 1018,1031
578 1018,1031
579 1018,1031
580 1014,1027
581 1014,1027
582 1014,1027
583 1014,1027
584 1014,1027
585 1014,1027
586 1014,1027
587 1014,1027
588 1014,1027
589 1014,1027
590 1014,1027
591 1014,1027
593 1014,1027
594 1014,1027
595 1014,1027
596 1014,1027
597 1014,1027
598 1014,1027
599 1014,1027
600 1010,1023
610 1010,1023
620 1010,1023
621 1010,1023
622 1010,1023
623 1010,1023
624 1010,1023
626 1010,1023
627 1010,1023
629 1010,1023
630 1010,1023
631 1010,1023
632 1010,1023
633 1010,1023
634 1010,1023
635 1010,1023
636 1010,1023
637 1010,1023
638 1010,1023
639 1010,1023
640 1010,1023
641 1010,1023
642 1010,1023
643 1010,1023
644 1010,1023
645 1010,1023
646 1010,1023
647 1010,1023
649 1010,1023
650 1010,1023
651 1010,1023
652 1010,1023
653 1010,1023
654 1010,1023
655 1010,1023
659 1010,1023
660 1010,1023
661 1010,1023
662 1010,1023
663 1010,1023
665 1010,1023
666 1010,1023
667 1010,1023
669 1010,1023
670 1010,1023
671 1010,1023
672 1010,1023
673 1010,1023
674 1010,1023
675 1010,1023
676 1010,1023
677 1010,1023
678 1010,1023
679 1010,1023
680 1010,1023
681 1010,1023
682 1010,1023
683 1010,1023
684 1010,1023
685 1010,1023
686 1010,1023
687 1010,1023
689 1010,1023
690 1010,1023
691 1010,1023
692 1010,1023
693 1010,1023
694 1010,1023
695 1010,1023
696 1010,1023
697 1010,1023
698 1010,1023
699 1010,1023
700 1018,1031
710 1018,1031
720 1018,1031
721 1018,1031
722 1018,1031
723 1018,1031
724 1018,1031
725 1018,1031
726 1018,1031
727 1018,1031
728 1018,1031
729 1018,1031
730 1018,1031
731 1018,1031
732 1018,1031
733 1018,1031
734 1018,1031
735 1018,1031
736 1018,1031
737 1018,1031
738 1018,1031
739 1018,1031
740 1018,1031
741 1018,1031
742 1018,1031
743 1018,1031
744 1018,1031
745 1018,1031
749 1018,1031
750 1018,1031
751 1018,1031
752 1018,1031
753 1018,1031
759 1018,1031
770 1018,1031
771 1018,1031
772 1018,1031
773 1018,1031
774 1018,1031
775 1018,1031
776 1018,1031
777 1018,1031
778 1018,1031
779 1018,1031
780 1018,1031
781 1018,1031
782 1018,1031
783 1018,1031
784 1018,1031
785 1018,1031
786 1018,1031
787 1018,1031
789 1018,1031
800 1010,1023
810 1010,1023
820 1010,1023
821 1010,1023
822 1010,1023
823 1010,1023
824 1010,1023
825 1010,1023
826 1010,1023
827 1010,1023
829 1010,1023
830 1010,1023
840 1010,1023
841 1010,1023
842 1010,1023
843 1010,1023
844 1010,1023
845 1010,1023
849 1010,1023
850 1010,1023
851 1010,1023
852 1010,1023
853 1010,1023
854 1010,1023
855 1010,1023
859 1010,1023
860 1010,1023
861 1010,1023
862 1010,1023
863 1010,1023
864 1010,1023
870 1010,1023
890 1010,1023
900 1015,1028
910 1015,1028
911 1015,1028
912 1015,1028
913 1015,1028
914 1015,1028
915 1015,1028
916 1015,1028
919 1015,1028
920 1015,1028
921 1015,1028
922 1015,1028
923 1015,1028
925 1015,1028
926 1015,1028
927 1015,1028
929 1015,1028
930 1015,1028
931 1015,1028
932 1015,1028
933 1015,1028
934 1015,1028
935 1015,1028
936 1015,1028
937 1015,1028
938 1015,1028
939 1015,1028
940 1015,1028
941 1015,1028
942 1015,1028
943 1015,1028
944 1015,1028
945 1015,1028
946 1015,1028
947 1015,1028
948 1015,1028
949 1015,1028
950 1015,1028
951 1015,1028
952 1015,1028
953 1015,1028
954 1015,1028
955 1015,1028
956 1015,1028
957 1015,1028
959 1015,1028
960 1015,1028
961 1015,1028
962 1015,1028
963 1015,1028
964 1015,1028
965 1015,1028
966 1015,1028
967 1015,1028
968 1015,1028
969 1015,1028
970 1015,1028
971 1015,1028
972 1015,1028
973 1015,1028
974 1015,1028
975 1015,1028
976 1015,1028
977 1015,1028
979 1015,1028
980 1015,1028
981 1015,1028
982 1015,1028
983 1015,1028
984 1015,1028
985 1015,1028
986 1015,1028
989 1015,1028